645729.1513086066,693978.7051992393,315.16
645715.9681585676,694010.2653115945,315.17
645966.9319366566,694066.2700259608,284.67
645617.9203107916,694037.6006882057,261.38
645611.6519201497,694034.7450064394,261.38
645615.692731273,694036.5600547066,261.38
645618.7618172917,694037.9876664652,261.38
645650.1631595169,694049.1255561406,261.38
645617.9376320894,694037.7208610546,261.38
645618.550725346,694037.891514944,261.38
645620.3645841852,694038.7610736197,261.37
645617.8463417365,694037.5657844864,261.38
645622.8514370342,694039.8689214804,261.37
645596.5555119668,694027.6826361562,261.37
645616.071326653,694036.7525309845,261.38
645619.036467233,694038.1392336831,261.37
645616.0799206113,694036.7480845369,261.38
645620.6605614441,694038.9091240091,261.37
645618.6405775916,694037.9328506702,261.38
645619.3712727684,694038.2894255914,261.37
645619.3810597555,694038.2938479055,261.37
645618.8866818853,694038.0417509046,261.38
645619.4274304651,694038.3033830847,261.38
645620.3235446272,694038.7407722767,261.37
646005.0766408268,694511.0058053401,281.93
645950.2919188624,693880.8915819976,286.36
649407.1516837487,692143.9872400061,232.42000000000002
649402.9027599283,692148.137184627,232.36
649407.0394606439,692144.1355001039,232.42000000000002
649172.9313179303,691935.1594687204,236.42000000000002
649170.1781002221,691939.2533371393,236.41
649172.1202950784,691936.0373546584,236.42000000000002
654189.2527758147,689110.5949862583,259.19
656949.59107438,686550.5230027548,258.02
657178.710496048,686337.5385145817,265.2
657456.2776344084,686080.6376344088,243.78
659904.3741993873,683775.3964800886,295.52
659635.9105001065,683737.7167978244,301.3
659875.7470653569,683735.952856209,301.38
659937.1317943571,683738.1060845321,300.99
659614.446724537,683679.4728726853,291.28000000000003
660020.8659174384,683907.3638117283,283.53000000000003
660161.8041501793,683902.393263913,304.0
660080.9427403157,683857.4128311811,292.06
663689.7575799938,680705.886231749,253.36
663427.0318997891,680520.715740526,247.93
663402.3756280349,680594.1151471009,247.93
663401.6069382889,680599.1195442381,247.93
669814.1303719651,675508.2850233227,292.59000000000003
670083.4714814812,675438.046296296,291.94
676499.0717263158,667291.6218596491,277.58
677112.902454314,666691.7381077954,269.16
676881.650326306,666483.3849447786,274.3
679019.7075177304,663988.5615602839,284.99
679416.0638151491,663503.1296710676,295.01
687916.1183720008,653052.5446876859,401.13
688257.3273469384,651542.290498866,370.16
689908.8988717943,648568.3396153848,396.13
689812.9652567976,648387.567472306,405.81
689835.4621108618,648378.2973722847,405.85
689659.9951442693,648196.9150773159,405.6
689734.588849741,648198.4008894647,415.11
689795.3882411345,648199.5979042554,412.94
689794.6402990251,648218.4880577825,412.92
689772.1259594061,648217.6699141767,414.0
689542.7501811153,648162.7966570957,414.52
689542.7212517482,648179.0744335665,409.99
689755.3383818358,648183.1842724659,410.29
689756.2191638143,648166.8679532683,411.07
689754.8474741837,648152.0133147459,410.99
689796.0115226207,648184.3096169439,412.7
689796.3249942329,648153.5586719394,412.25
689795.5621623757,648168.1191279471,412.5
689814.2708333331,648178.1409976523,399.53000000000003
689639.0273186588,648149.5474246152,406.85
689718.2115194825,648151.7120010209,410.66
689734.9959110398,648135.761972133,409.90000000000003
689796.942326703,648135.4219590107,416.8
689629.482218241,648132.0421661237,406.78000000000003
689844.0054534917,648103.2207585252,407.66
689819.1776388888,648103.3379021266,407.98
689797.2695357738,648084.4203589375,412.09000000000003
689877.4761785711,648083.1045119055,404.85
689797.0450996261,648052.9813926942,405.38
689646.7010725327,647956.1006777645,414.59000000000003
689825.8385855977,647887.7708854502,402.68
689825.8811763381,647887.8095031681,402.68
689817.3636523,647885.4836835518,402.74
689825.8501042909,647887.825853147,402.68
689817.5464494099,647885.5377436837,402.74
689842.1244238811,647891.042540342,402.74
689830.3341900164,647888.9518060744,402.74
689816.1559246333,647885.1966411269,402.74
689831.4169413501,647889.2363626412,402.74
689830.3401476139,647889.0955162847,402.74
689825.859587571,647887.8277704504,402.68
689821.0089966774,647886.6332809282,402.74
689831.4343248489,647889.2400011033,402.74
689825.8207302602,647887.7925280508,402.68
689825.7856442247,647887.7887023013,402.68
689905.831845225,647648.9986067401,408.86
689921.7311435,647653.7664025101,406.58
689890.1497764705,647163.2307529413,384.94
690024.5441887261,647365.8272398697,404.16
690022.5991097315,647365.1996459233,404.16
690027.9104771576,647369.4965745793,404.21000000000004
690024.2238400732,647365.9825857611,404.21000000000004
690022.326487679,647365.2780674269,404.21000000000004
690022.3383354727,647365.2770354707,404.21000000000004
690028.0122636476,647369.2233922672,404.21000000000004
690025.0221497754,647365.9607006824,404.03000000000003
690025.057242746,647366.0200403583,404.04
690025.8274176702,647366.6090467516,404.21000000000004
690022.3266415175,647365.2789940427,404.21000000000004
690116.1082535171,647104.3343594627,405.12
690115.9158539585,647104.3229107126,405.12
690116.4103241398,647104.4961018569,405.12
690116.1107599633,647104.4465459194,405.12
690117.7089935265,647104.8015578756,405.12
690117.5513802113,647104.565564447,405.12
690117.7245744094,647104.8049088604,405.12
690117.9505320609,647104.7374415062,405.12
690119.8868295064,647105.2459241579,404.97
690221.3796495796,646826.8895161703,403.72
690219.3547590711,646827.603430841,403.72
690219.0329924508,646826.5737582364,403.72
690219.1792430945,646827.5515366214,403.72
690259.2887676738,646771.8891562276,403.72
690219.3642530708,646827.6039518121,403.72
690224.0690873548,646827.8796511651,403.48
690226.3570102406,646826.9676229912,403.48
690220.4194478892,646827.649689404,403.72
690220.5603495765,646826.2184522208,403.72
690220.2896750577,646826.1358303914,403.72
690220.588171189,646826.4154745539,403.72
690219.3565556061,646827.6046902792,403.72
690312.2420822451,646595.4390979606,399.94
690314.8540882148,646596.3666297848,399.94
690311.4423814071,646596.0754734478,399.86
690304.2547309946,646592.6557554278,399.94
690310.9010326052,646595.7500174673,399.86
690308.0800928746,646594.0720996949,399.90000000000003
690301.5377437954,646590.9972491311,399.94
690309.1846283197,646594.4272947137,399.86
690301.2502295787,646590.8687230825,399.94
690304.9637890577,646592.6330230908,399.94
690303.7491042198,646592.4871179074,399.94
690420.5620427746,646277.7329118414,392.8
690420.0839058119,646277.4816177561,392.88
690422.1700323459,646278.3207968717,392.88
690420.3693523038,646277.5977856464,392.88
690420.4009847787,646277.612910431,392.88
690423.8844202745,646278.9510959162,392.88
690423.8876371309,646278.9690608412,392.88
690493.9151872199,646085.072766708,391.98
690493.6107184173,646084.7533655685,391.98
690487.4948174371,646074.979681962,391.90000000000003
690494.3474815171,646086.5010594835,391.90000000000003
690493.5797937915,646084.7588499363,391.98
690494.3676080719,646085.2687640327,391.98
690493.0547608453,646084.7144006417,391.98
690493.937421062,646085.0817378209,391.98
690492.7571879466,646084.4085700469,391.90000000000003
690490.9684247558,646081.8403480927,391.90000000000003
690494.919332679,646085.398901977,391.98
690596.040911677,645819.0490689435,383.56
690593.7925330669,645817.8296919733,383.54
690591.4245690154,645816.993110482,383.56
690585.2759932211,645819.5743738103,383.56
690591.9836256583,645816.9343048526,383.56
690692.1325347847,645541.533262616,381.22
690691.9672602727,645541.4101423181,381.22
690692.6713203144,645541.7053199033,381.21000000000004
691829.1157803449,642467.7321901962,350.7
691827.5488066506,642467.3111849518,350.7
691829.2487499687,642467.9179754909,350.7
691928.3475232642,642204.9750526462,342.47
691925.3184908797,642203.2437834921,342.47
691929.6229407304,642205.1438654576,342.35
691930.4200979295,642205.2620340409,342.16
691930.8853386318,642205.847095491,342.15000000000003
691925.2146330096,642203.2229345884,342.47
691928.2102600242,642204.2081044724,342.47
691930.5335320382,642205.6405053462,342.16
691929.2648580207,642202.8081254232,342.47
691926.1177669505,642203.9367354086,342.47
691929.7238356825,642204.9367452117,342.16
691931.5645862692,642207.476891303,342.47
691928.7261255016,642205.4531322919,342.47
692007.6120529552,641962.7820176523,337.63
692022.8574885798,641955.0562317177,337.77
692024.4017673685,641951.3243031251,337.77
692021.3486528476,641952.9235148251,337.77
692021.958923578,641955.2442000189,337.77
692022.2873815828,641948.8843735721,337.77
692022.4754421668,641957.5172172489,337.77
692022.0769560484,641954.575454734,337.77
692023.3480689368,641952.9595555775,337.77
692020.9511227659,641939.4328675241,337.77
692023.9659169421,641951.3580825087,337.77
692022.0206284019,641951.312101188,337.77
692018.8065792483,641954.8975420867,337.64
692024.6626369217,641950.2194019536,337.65000000000003
692021.3772642127,641955.3121328492,337.65000000000003
692025.1781470791,641951.6097232362,337.65000000000003
692022.9768619757,641948.0157391172,337.77
692022.7674153864,641947.5053267219,337.7
692020.3769502984,641955.0087532664,337.72
692021.2743632176,641948.7165278216,337.77
692022.1543740281,641949.8008409628,337.77
692021.6009820997,641949.7588903777,337.7
692021.1991565617,641956.0740740035,337.77
692022.8114523841,641954.8589070342,337.65000000000003
692019.1068435523,641951.3658059831,337.65000000000003
692020.89656472,641953.2406270789,337.77
692025.9725560535,641950.4891916309,337.65000000000003
692021.1636539963,641955.4478527787,337.72
692020.4236337641,641949.7023070167,337.77
692023.445100709,641955.5579671952,337.59000000000003
692023.5194237679,641954.648173996,337.64
692022.7940399447,641951.1639526945,337.77
692021.4259343343,641947.6731222507,337.77
692024.9117401339,641950.3984638517,337.65000000000003
692021.6684158635,641953.4030264372,337.77
692019.6928341696,641956.2948609391,337.63
692025.5923201073,641949.2022257608,337.64
692020.2556357502,641955.7798786372,337.76
692025.1523991203,641954.1190070739,337.64
692022.4367334038,641948.4811589051,337.77
692026.8066945216,641953.2008645894,337.65000000000003
692025.3915453518,641949.676697331,337.64
692024.13061274,641949.6775789687,337.65000000000003
692023.7274793716,641950.8036436993,337.7
692025.0845244096,641950.3089461011,337.77
692026.5395901727,641948.2932767308,337.77
692022.5130678961,641948.2959130033,337.77
692021.6649707984,641953.3828412263,337.77
692024.9441324396,641950.4421272031,337.64
692020.4959622528,641955.525527825,337.76
692024.2908346892,641951.6814274101,337.7
692024.6220424478,641951.3410331126,337.77
692024.6601996592,641945.15313636,337.7
692024.0680409012,641955.4271617081,337.77
692022.2178592937,641951.041980896,337.7
692023.0820258218,641953.2928959542,337.77
692021.6108645475,641955.3128591469,337.76
692022.0279633771,641956.7955890095,337.64
692023.2461664844,641949.239812054,337.77
692026.0889533884,641953.7278704675,337.64
692022.0502882736,641942.4793433017,337.77
692023.9350973879,641946.1869413318,337.77
692023.2948899746,641953.6782503682,337.65000000000003
692018.7138721144,641953.0423882497,337.77
692025.7821778273,641945.7362777138,337.77
692020.4328778456,641955.7418088161,337.7
692019.5813206732,641943.1586729235,337.77
692020.6440046607,641955.6385173337,337.7
692023.4813077368,641955.4693173538,337.77
692023.242678774,641955.0539825917,337.77
692020.589696688,641955.6330894358,337.76
692022.9221822113,641944.6695005039,337.77
692020.5696482401,641952.3633711445,337.77
692122.1911026698,641688.8331727628,332.43
692123.2609876059,641686.0280356165,332.43
692122.1643849203,641688.5293489874,332.43
692123.252219232,641684.2698390228,332.31
692122.8176827837,641684.9784039888,332.43
692121.0105228842,641689.5640907177,332.37
692121.207417976,641689.6475030283,332.43
692123.5014191448,641683.6771275384,332.33
692121.4186747523,641689.8770642721,332.43
692143.2746395601,641724.9213197988,332.43
692121.8998875933,641688.8846560598,332.43
692120.0139180018,641687.3475389582,332.37
692120.0536872055,641687.9428981349,332.43
692123.2129152436,641685.0633473466,332.31
692122.5390359018,641686.7043816423,332.43
692118.5812178997,641667.3235760154,332.43
692121.6779106826,641688.1957325196,332.43
692122.0538627309,641687.9360307239,332.43
692137.0011632198,641703.509090732,332.43
692122.4130291801,641687.0371657669,332.43
692122.5017469316,641685.3059946062,332.43
692122.8077958991,641684.9626238903,332.43
692120.8790124685,641690.7138662913,332.37
692122.5169993481,641689.6534894948,332.37
692122.4087877502,641685.2586485351,332.43
692122.4168529701,641685.2560106486,332.43
692120.0768429923,641690.1320601171,332.35
692122.040057841,641687.932254448,332.43
692123.2794137888,641684.3374659508,332.43
692121.4451424187,641689.9187618433,332.36
692122.0641708379,641687.2994117816,332.43
692121.2771362322,641688.5857351194,332.36
692121.6567497142,641688.2885445001,332.43
692115.4903410437,641679.5121005821,332.31
692123.2627386044,641684.297951511,332.33
692124.1176477942,641691.6937635109,332.43
692122.4145693887,641686.7498898025,332.43
692113.1434429209,641689.1039653099,332.43
692122.7099350778,641685.8375051371,332.43
692122.0522164622,641686.9651211719,332.43
692122.6590354446,641694.190995076,332.43
692122.5690575182,641684.6023986845,332.43
692122.937688189,641683.9045774592,332.33
692122.0339727306,641687.089541709,332.43
692123.062884211,641688.0764834534,332.43
692119.8054989468,641688.3683997518,332.43
692122.2525975882,641685.0190326099,332.43
692122.9549560978,641684.0957602371,332.37
692121.8431071007,641688.2902784203,332.43
692121.8563052177,641687.3184682503,332.43
692121.3230863708,641682.2483962637,332.43
692123.0567688466,641686.2249568481,332.43
692120.9424274844,641689.5944071036,332.43
692118.8964003035,641695.1564635935,332.43
692122.0718479747,641687.0401749958,332.43
692122.2988118794,641688.2238603329,332.43
692124.4738123715,641692.1334929572,332.43
692122.7045372264,641697.0178275628,332.43
692123.0537444197,641685.4594521938,332.43
692115.2232990054,641688.8918200897,332.37
692121.0546194979,641689.639933617,332.37
692123.0529649234,641683.750792809,332.33
692120.2996789169,641688.4456761525,332.36
692132.0344747726,641673.5952097722,332.43
692123.3950544313,641691.8950497246,332.43
692121.561588065,641688.0536370623,332.43
692119.8556235274,641690.8966886841,332.43
692122.34586271,641684.6547999633,332.43
692120.7995080693,641690.3328615678,332.43
692124.400255544,641684.3214272844,332.43
692127.5368789912,641685.5366128627,332.21
692121.7429285351,641692.2545692914,332.37
692135.9643365624,641691.9736731189,332.37
692119.7445814667,641688.3716677924,332.43
692123.8255539408,641684.3385815558,332.43
692123.0438359708,641688.0487751446,332.43
692154.2688510198,641742.7157592365,332.43
692119.3968930325,641679.3936687701,332.43
692122.9539073781,641684.0588895447,332.33
692124.3607607088,641683.9766098136,332.43
692122.3517347737,641686.1997348894,332.43
692126.4969139508,641683.4321295411,332.26
692123.114434708,641684.3095672488,332.37
692123.1443287566,641693.7266842296,332.43
692123.3490600948,641685.0356770044,332.43
692434.0956727606,641485.6281348864,333.48
692213.3722283917,641429.2580526859,333.43
692239.8017983014,641435.6376491365,333.48
692103.8863959602,641258.6174279433,318.08
692309.2987978661,641172.9035747553,332.11
692309.29941146,641172.9038436268,332.11
692306.7667787144,641169.9488487442,332.11
692304.4637500056,641167.4184322994,332.11
692310.4364774857,641174.3379016786,332.11
692188.3758914729,640966.4036692509,319.2
692384.4953954457,640962.9441375197,330.11
692384.718996494,640962.9676325901,330.11
692391.6207765604,640964.2174666015,330.11
692463.3642160683,640755.3283668972,318.95
692464.2660655696,640754.6088487109,318.95
692462.3384305417,640760.9319926314,318.95
692463.2503872993,640755.4601785091,318.92
692463.4480520603,640755.305873413,318.88
692460.6029377378,640757.1681149226,318.95
692460.4748338406,640757.2333828197,318.95
692460.709847542,640757.4597573511,318.95
692460.4803036861,640750.438547031,318.95
692461.1408136787,640757.7134875888,318.95
692463.3612072909,640755.304704927,318.95
692463.4407513781,640755.2386218609,318.92
692459.8483754089,640763.9692147226,318.88
692441.9569540772,640724.6465152683,318.95
692464.0350172585,640749.9756621752,318.95
692462.7178079393,640757.9904077629,318.95
692462.4333282361,640758.2192276794,318.95
692463.0772221239,640754.8212709296,318.95
692452.338646462,640750.2606722545,318.87
692461.2271518521,640759.977811445,318.95
692460.5710250703,640757.4876456648,318.95
692462.7356751824,640757.9201360935,318.95
692462.7416754616,640758.507730951,318.95
692460.5127849253,640757.191086586,318.95
692466.9365240206,640751.0827881404,318.95
692463.3572969609,640755.45822154,318.92
692460.5825058989,640757.1943535317,318.95
692462.3372655765,640760.9364074679,318.95
692466.0554815044,640761.1987030819,318.95
692460.4359723496,640757.3274128307,318.95
692463.0826418569,640754.8155329776,318.95
692463.2225079094,640755.5598493307,318.92
692463.0662770865,640754.5543277067,318.95
692462.3425985582,640760.8763093328,318.95
692460.747950672,640750.6019453098,318.95
692443.3507319631,640726.4386654511,318.95
692461.1165005564,640757.4257581336,318.95
692459.686738303,640759.1755467276,318.95
692418.6538287151,640673.4226291444,318.95
692460.6740209531,640759.188768285,318.95
692463.0844613123,640754.7623657206,318.95
692462.4345121472,640758.2072591091,318.95
692461.3108083972,640759.6582941756,318.95
692532.5851894956,640545.2542136674,313.13
692542.6034324659,640547.7612896769,312.7
692321.865599792,640493.5952270433,324.7
692783.522377622,640292.36331002,323.45
692404.1187333332,640218.5230666666,303.62
693999.5521520255,637896.4777236263,306.39
693823.6125789832,637827.9260493827,314.2
693849.0277014376,637844.0650534935,304.11
693884.8983255913,637728.1399840915,313.03000000000003
