701346.7119258163,726794.7589495551,490.64
701591.9262735986,726781.8212708546,510.53000000000003
701529.0779928498,726736.8957444152,507.3
701361.2675068751,726251.8343253388,506.97
701527.1073883898,726732.4367367375,507.02000000000004
701528.5411452911,726732.56099656,507.02000000000004
701529.4486983494,726733.9768512893,507.02000000000004
701528.346030019,726731.8498295546,507.02000000000004
701529.5674418319,726734.2364852229,507.02000000000004
701528.0943734165,726732.1249610361,507.02000000000004
701528.2005837932,726732.0063578743,507.02000000000004
701529.3562873417,726731.9966958483,507.02000000000004
701529.506021813,726736.6584928412,507.02000000000004
701529.1858246253,726735.681014096,507.02000000000004
701528.3506901206,726731.8374268829,507.02000000000004
701528.363365407,726730.238014316,507.02000000000004
701774.0483867517,726748.5009876831,517.61
701772.2533309252,726749.8220155119,517.61
701774.3683303326,726749.2624478249,517.61
701774.6125533768,726749.3656816137,517.61
701748.7643523014,726798.2574405149,517.61
701775.2031554971,726748.8837110872,517.61
701695.5322950439,726945.9485590138,517.61
701773.2152160803,726750.6018568426,517.6
701777.151869839,726749.306272491,517.61
701765.0476678926,726746.4857257836,517.61
701775.0344225484,726748.9284908798,517.61
701774.0153336162,726748.3011388162,517.61
701774.383148818,726749.7392176532,517.61
701771.0498545667,726748.0678444273,517.61
701766.5969629724,726747.0001634131,517.61
701774.2143299003,726749.334714619,517.61
701774.1991839809,726749.2199315354,517.61
701775.133291617,726749.3247352673,517.61
701774.6017756416,726749.3573227226,517.61
701774.061511163,726749.0648753126,517.61
701774.1443846915,726749.0023909876,517.61
701775.677118483,726748.0601789488,517.61
701774.3922449191,726747.686936709,517.61
701774.4508645524,726748.862887725,517.61
701774.4396652982,726747.7045174736,517.61
701774.0769284373,726748.9668644086,517.61
701580.0215006535,726721.7522709148,522.35
701609.0187828487,726708.3416436145,488.41
701662.1281902108,726708.1081579719,490.19
701734.2440328669,726704.6910311645,498.90000000000003
701596.833418572,726683.9786539123,527.22
701661.8625116237,726685.8107643118,496.13
701588.3637301039,726656.2250934266,493.75
701477.1054909462,726555.3967525291,489.42
701556.6062428195,726532.1286925332,496.25
701455.914905855,726513.0033144322,491.81
701456.0708032055,726512.7685851648,491.79
701456.1488914976,726512.7434839789,491.79
701455.9376652739,726512.9206482472,491.81
701456.1474346116,726512.8311282555,491.79
701456.1296951746,726512.8296914201,491.79
701456.0871271766,726513.3363668163,491.81
701455.8916537825,726512.9586948813,491.81
701455.9531082582,726513.0998299343,491.81
701456.1370457069,726512.7356012085,491.79
701455.9264458471,726512.9509892357,491.81
701456.2832442845,726502.2701882244,491.81
701455.9437250757,726512.945860597,491.81
701455.8313996091,726513.0281380166,491.81
701455.9097628515,726512.9533458035,491.81
701456.0733964134,726512.7589671916,491.79
701455.9609652762,726512.9018658703,491.81
701456.103496593,726512.7971624407,491.79
701456.1023718971,726512.7509467939,491.79
701456.0820065998,726512.7731692984,491.79
701482.117876552,726475.7972253456,490.01
701288.3694741006,726442.5370317651,490.46000000000004
701510.2704074078,726353.996995556,516.83
701635.0545354419,726277.7579919234,486.51
701635.3702716794,726277.5143658201,486.51
701635.3541862239,726277.5227406736,486.51
701635.4738141284,726277.4947458777,486.51
701635.3517207991,726277.5218579349,486.51
701746.7488619518,726269.6102592365,503.95
701471.8484673644,726171.7031625474,488.3
701470.3106168639,726173.342164396,488.31
701470.157807997,726173.4240369662,488.31
701473.0905885113,726170.5602849841,488.31
701470.4444128695,726173.2146480867,488.31
701470.236947086,726173.3337054948,488.31
701470.4994568834,726173.1817397639,488.31
701470.0133559878,726173.5478898573,488.31
701470.2663661935,726173.3165898493,488.31
701470.1500363271,726173.4580628946,488.31
701470.4332384864,726173.1626670626,488.31
701471.3210272866,726172.3898038463,488.15000000000003
701470.9346638295,726172.6895593907,488.26
701464.5069393566,726179.5150585453,488.31
701472.3088826331,726171.5530633767,488.15000000000003
701470.1792072841,726173.3820309376,488.31
701470.4497371437,726173.2046705122,488.31
701470.0562904926,726173.5174268893,488.31
701470.1056695739,726173.453456344,488.31
701470.477102487,726173.1389073312,488.31
701472.1483763068,726172.0685819504,488.15000000000003
701472.1766679969,726171.718258327,488.15000000000003
701469.9831691007,726173.5689178592,488.31
701462.2805211716,726178.4927795863,488.75
701470.0607624126,726173.4964727862,488.31
701470.6452554528,726173.0672056744,488.31
701470.0232779068,726173.5216645832,488.31
701470.0503482408,726173.4941721222,488.31
701470.2454050083,726173.3866605457,488.31
701471.9656888286,726171.9010247369,488.17
701445.2358393609,726101.4290270213,498.58
701445.2461978872,726101.3030298165,498.64
701445.5145532637,726101.3779819633,498.58
701445.646436258,726101.3781817349,498.58
701445.5027008863,726101.361740938,498.58
701438.8311657461,726103.5154439936,498.64
701448.1656438061,726100.2383428578,498.64
701445.556717936,726101.3724399445,498.58
701445.3744418602,726101.4544815186,498.64
701445.285399405,726101.4081905414,498.58
701441.5322190616,726102.7089299834,498.64
701446.847952381,726100.317551282,498.38
701445.4210383943,726100.6833413896,498.53000000000003
701444.1118930669,726099.8216193405,498.53000000000003
701446.9571359567,726101.6101297447,498.53000000000003
701445.1634762756,726101.1454290991,498.64
701445.2944696321,726101.407050285,498.58
701445.4911039121,726101.4586954,498.64
701444.9646405007,726101.4772219538,498.64
701445.23767049,726101.428537989,498.58
701444.9732358803,726101.4745343096,498.58
701444.8329587199,726101.5062914799,498.64
701444.7820399881,726101.5244028044,498.64
701442.8945186663,726101.9290458036,498.64
701445.0212965757,726101.4573990694,498.58
701445.4501826791,726101.4693956944,498.64
701445.5235985381,726101.3797668644,498.58
701441.9812923876,726102.4383076121,498.64
701445.1283108772,726101.4653489278,498.64
701445.7126650189,726101.3175917948,498.58
701445.4827923718,726101.3665829763,498.58
701444.9340996117,726101.4817603456,498.58
701445.1494553273,726101.4567911074,498.64
701443.5860048376,726101.8546361768,498.64
701445.3754486669,726101.4302601859,498.58
701231.9334506458,726023.129442945,493.13
701423.5717618605,726025.0766605239,524.25
701451.7547793334,725954.452632541,488.32
701449.7382988622,725957.0647228817,488.39
701450.6872247179,725955.4489157294,487.76
701452.7906528539,725953.7518623576,488.39
701740.7507034695,725948.1892652224,529.5600000000001
701866.7247899494,725920.1839654507,531.28
701963.7634517612,725879.1217012575,514.3100000000001
701375.2470882587,725834.3082821117,494.43
701990.7097303298,725820.60610215,539.64
701990.5550731962,725821.2009649053,539.64
701990.6758250392,725821.5466079558,539.64
701990.6666355329,725821.5742025544,539.64
701990.7056444638,725821.5164621013,539.62
701990.6772236008,725820.6869348765,539.64
701990.6712125806,725821.6006555007,539.62
701990.6929911199,725820.6522582164,539.64
701990.5374685075,725820.9937851821,539.64
701991.5593522413,725819.863842331,539.64
701990.69551752,725821.5341597074,539.64
701990.7108764612,725821.4975010076,539.64
701990.6728160877,725821.574610739,539.62
701990.8329844006,725821.4427777115,539.64
701990.6922648232,725820.9702253918,539.64
701990.6620461775,725820.7549111111,539.64
701990.6331399053,725821.1218962464,539.64
701990.4625800349,725821.7495974606,539.64
701990.5599078609,725820.9300943125,539.64
701990.757406873,725821.519336807,539.64
701988.7344611986,725823.9094181068,539.64
701990.8289484973,725820.9953049008,539.64
701990.675005623,725820.824305727,539.64
701990.6583627196,725820.7312535865,539.64
701991.2818962127,725811.9380838316,539.55
701990.6668239731,725820.9297126144,539.64
701990.8341709981,725821.5230147366,539.62
701990.6438550393,725820.7948404029,539.64
701990.575331828,725820.9622107929,539.64
701718.9112820552,725759.5382051127,504.13
701719.700335062,725758.8350548297,504.13
701719.0295770529,725759.4801046212,504.13
701718.671202207,725759.8080570681,504.09000000000003
701720.6516842453,725758.8035545867,504.13
701718.8044580363,725759.6046526834,504.13
701719.7185187682,725758.9480659824,504.13
701718.9684606717,725759.5080647646,504.13
701720.2882240262,725759.015044372,504.13
702055.4798035822,725753.3179033906,541.22
702055.6068864842,725753.1801252208,541.22
702055.5336927394,725753.3227910554,541.22
702054.1977516419,725755.4167853685,541.45
702054.3534697868,725755.1382241554,541.35
702054.1480932253,725755.490681391,541.45
702054.314122533,725755.3710067983,541.45
702072.1205874374,725737.4328484584,541.22
702055.1629009662,725753.5263285026,541.22
702055.6171790146,725753.1934895624,541.22
702054.8932787183,725753.7056756364,541.22
702053.9722539204,725755.7680593192,541.45
702054.039349156,725755.6328641095,541.45
702054.2249980386,725755.0707539744,541.28
702055.6774592513,725753.1443147955,541.22
702054.0028411405,725755.721043539,541.45
702054.2275268746,725755.4548002098,541.45
702052.6009470703,725751.1229483755,541.45
702054.0890333462,725755.5711365859,541.45
702054.1459597303,725755.4555262394,541.45
702142.0988101703,725717.9418793238,540.69
702145.1498272092,725714.8928361105,540.8
702144.1467032485,725715.6453270009,540.8
702144.3581946329,725716.4934310117,540.79
702143.1655253492,725716.0928092989,540.8
702145.1689549878,725714.0246443632,540.69
702143.8306016054,725716.648431097,540.8
702145.1604722068,725714.0510071578,540.69
702145.8309917136,725716.2557249775,540.8
702145.3503872618,725716.0953355745,540.8
702144.3714059305,725715.0365656344,540.69
702144.7796088073,725715.3735237516,540.79
702144.7667555083,725714.449409737,540.69
702106.5466017363,725768.5625119548,540.69
702143.9957434112,725716.430794266,540.79
702144.6235128249,725715.1569862243,540.8
702143.2637738377,725716.081320396,540.8
702143.7893131173,725716.4354480172,540.8
702160.7235082338,725693.6271064691,540.69
702145.6077292376,725716.14843183,540.8
702143.9734829832,725716.0297723922,540.8
702145.2019624994,725716.135136388,540.8
702145.17723097,725714.5465716621,540.8
702145.774210053,725713.6447236944,540.79
702139.6778705377,725721.4136166575,540.69
702144.9463088008,725714.280457048,540.69
702141.9820210929,725718.09594826,540.69
702117.291554344,725574.958191279,531.94
702355.1734732912,725253.357132027,527.53
702687.9859932979,724806.2355752354,511.53000000000003
703071.5564074524,724290.042952612,506.78000000000003
703328.0563564758,723939.1698327245,498.78000000000003
703631.8481907672,723534.6179887985,489.47
703986.765210496,723063.5527508651,459.86
704223.5086412086,722741.6937876436,449.56
704491.9442301427,722379.8775429708,445.0
704435.7835281254,721896.2162421168,448.06
704435.953865287,721897.2165945992,448.06
704435.6349069969,721895.2501580454,448.06
704435.3217403261,721894.7972068359,447.41
704435.957329006,721897.2398172265,448.06
704435.842935726,721896.5058178746,448.06
704435.7409384187,721895.8335500263,448.06
704435.9015448295,721898.0686000399,447.40000000000003
704435.9326431506,721897.1095340278,448.06
704436.0259747811,721897.5349078793,448.06
704435.6153365949,721895.0207632533,448.06
704435.9692269098,721897.363176395,448.06
704435.6904377983,721895.5528959812,448.06
704435.3142154654,721894.6914114126,447.41
704435.8796346836,721896.7840692524,448.06
704435.5688714437,721894.7937023961,448.06
704435.6016226565,721895.047926411,448.06
704435.3637237034,721894.5676746543,447.93
704819.441994852,721938.3510167312,448.65000000000003
704886.2993758281,721898.9159096939,419.73
705354.3747798838,721220.2344025036,434.09000000000003
705657.2573954603,720808.4632735976,431.40000000000003
706032.333522907,720306.5378988943,429.2
706662.139836961,719458.4485888135,426.17
707021.3113960053,718972.2961443493,428.73
707333.2795051466,718555.7418685668,446.35
707557.4041009465,718251.4351464623,466.69
707914.8574686194,717771.9060506739,480.93
708310.4635597501,717240.2281949692,486.5
708627.046821735,716811.860136713,501.41
709226.6754135148,716010.8324684821,451.74
709756.0902467081,715292.0542601282,429.61
710228.1010769287,714668.7040512834,427.57
710495.0880574555,714301.0352097581,457.69
710711.5198089136,714007.2888747302,458.23
711186.373344563,713366.9869193338,447.64
711459.6553901463,712998.8313715046,464.11
711491.8960475298,712904.152323327,434.12
711803.4633333334,712767.256,443.72
711763.9053052414,712541.0628795229,431.51
711810.3533373954,712530.4919008939,462.5
711816.122894309,712587.3807609755,448.26
712204.2981355925,711997.0855367229,483.68
712523.982213143,711564.8156350019,486.74
712850.3195007968,711461.1937729508,465.7
712761.4299684818,711245.3721356373,495.98
712535.0200000005,710993.746666666,466.05
712720.9194035088,710980.0044561403,469.46000000000004
712903.7431737066,710910.7517396457,467.26
713015.803620206,710905.1122689948,475.13
712999.3092567645,710982.7258785225,456.35
713521.1808131322,710223.9991161628,455.17
713802.6085784312,709843.087815126,451.78000000000003
714155.7723466662,709364.9372959996,447.31
714557.6801811586,708818.0147101436,453.5
714797.0840978886,708494.6707869482,448.08
715212.2688688172,707941.6145376342,447.98
715645.9308322498,707362.2699913303,456.43
715952.6977475466,706945.9404081623,467.47
716238.6163072021,706554.9411705971,470.24
716808.9178355471,706221.4740999893,457.24
717002.052984654,706264.0126559141,435.32
717000.9273700898,706266.2600806584,435.32
716999.0230337115,706269.656555823,435.32
716999.0323482171,706269.6366180498,435.32
716999.6010798572,706268.8125903779,435.32
716998.0857410613,706271.5717284852,435.32
716999.2017761451,706269.3955243658,435.09000000000003
717000.6243836035,706267.031014583,435.09000000000003
717000.5449250716,706264.5172971555,435.32
716996.7413589588,706274.0000174373,435.32
716995.9045607286,706275.5624432155,435.32
716990.8945621082,706286.1595358256,435.32
716999.468484719,706267.6111185896,435.32
716998.9146039161,706269.8974098853,435.32
717004.0136088056,706260.1141907922,435.32
716999.9621312575,706267.8595310852,434.75
716997.8921024707,706272.1684698059,435.32
716998.9549253775,706269.8039146031,435.32
716999.0290858289,706269.1640478449,435.32
716633.4030225154,706026.2650039309,437.44
716633.4070740273,706024.5529510251,437.15000000000003
716632.6626455436,706027.4544857374,437.44
716632.9159632392,706027.866360745,437.44
716631.5974701314,706029.8079161674,437.32
716632.0022110691,706028.8801468475,437.04
716630.7522246715,706028.23217322,437.44
716636.1167392755,706021.837801965,437.44
716635.4305659999,706024.5249811979,437.44
716630.4085541298,706027.5936876752,437.44
716633.5300628152,706026.1512071611,437.44
716630.8459021905,706027.7243043821,437.44
716633.4204705751,706026.2155958884,437.44
716632.3712390935,706027.886111626,437.44
716633.1924692185,706024.3589264392,437.37
716633.5171810053,706026.1848132907,437.44
716633.2507894635,706024.8100778192,437.15000000000003
716632.6712509478,706027.4417648809,437.44
716633.2400698614,706024.6856872323,437.15000000000003
716633.4374763628,706026.1621603577,437.44
716633.3433393523,706026.8528497068,437.44
716632.9371546314,706027.8288620098,437.37
716634.6905090952,706028.1808393758,437.44
716634.2550205803,706025.8256108487,437.44
716634.6121588002,706025.497338801,437.44
716632.6613245301,706027.5515097654,437.44
716632.9251359726,706027.8483515695,437.44
716633.2697184987,706023.8449520019,437.44
716633.392471677,706026.397644262,437.44
716632.0103710083,706028.5320503116,437.04
716631.8883220617,706029.2778351366,437.32
716633.1365518296,706027.1640942452,437.44
716633.3943677488,706024.4142280042,437.15000000000003
716632.9446362992,706027.8429793264,437.44
716634.4898631477,706024.186957254,437.15000000000003
717303.3279814458,705895.060100531,434.3
717272.8155469442,705981.234474583,436.17
717445.3137277028,705847.5377745419,462.03000000000003
717333.2451515126,705822.0238383772,434.19
718091.6812871258,705472.0856765638,464.04
718566.6936982701,705192.6570053281,453.88
719087.9619650557,704885.0640412981,447.14
719470.0634317861,704660.0250231054,449.63
720031.7278598713,704329.6291340288,427.88
720473.3935876476,704070.9976748411,423.09000000000003
721040.0190307996,703736.5907318452,416.33
721458.3511803941,703490.4948448892,423.42
721962.6639889056,703196.5339536056,433.2
722301.4850222203,703000.5737444595,437.49
722769.4692926871,702718.5347103534,424.42
723214.427080145,702457.3759940934,414.25
723659.0903225805,702195.0022795713,418.52
724148.5668708523,701909.9471005613,425.03000000000003
724547.4001209011,701896.4454639292,392.38
724401.1381914896,701731.7734160754,404.01
724455.7428682172,701730.1624224803,421.16
724846.8017112224,701496.7333333325,411.74
725274.5156151117,701244.6356559476,427.79
725830.5153278143,700921.1101122848,407.6
726377.8430357653,700594.9493590845,402.90000000000003
726750.5031568184,700375.4776493381,402.09000000000003
727712.2864811061,699806.7860018031,401.62
728266.4987566798,699477.1529248309,406.25
728438.4117665256,699506.7051354949,395.12
728789.9971273461,699175.4624646264,423.61
729397.834453274,698817.29971916,426.22
730044.2202308805,698435.5490452914,426.68
730603.4484657728,698264.0702476786,426.74
730514.8166350526,698158.9387748477,414.55
730561.4702756695,698111.2478730397,445.35
730580.4277659563,698161.340714741,441.18
730670.8785106916,698129.4316264574,432.03000000000003
730589.5649486553,698178.4205462073,395.99
730618.7903018086,698168.4669053587,395.94
730616.7378585478,698167.8638773167,396.0
730625.9358223192,698147.1521052811,395.94
730619.057381674,698168.479791417,395.94
730622.3970929075,698158.8878750056,395.94
730618.9453657358,698162.5961512913,396.0
730621.4195671667,698151.9146574398,396.0
730624.0395061995,698162.0672453395,395.94
730618.0822466306,698167.3932065724,396.0
730619.4655019541,698169.0446689032,395.94
730613.658422106,698169.1180563822,395.99
730621.015485988,698166.2398263224,395.94
730618.7219284207,698164.623157134,396.0
730615.9965151743,698168.8568086615,396.0
730619.1650876616,698162.7078920904,396.0
730620.4657561055,698165.3443815836,395.94
730619.1456359337,698167.7393172132,395.94
730616.3619804352,698168.367083222,396.0
730616.9123374377,698168.9762163183,396.0
730615.9629424622,698168.1016987036,396.0
730609.4030418459,698186.0708924447,396.0
730618.3291653793,698169.2007180807,395.94
730620.0456246886,698153.641045906,396.0
730619.3760446026,698168.2426929952,395.94
730617.2913247646,698167.4919285378,396.0
730618.3440396343,698168.4427328956,395.94
730630.4285010677,698161.59239412,395.99
730622.1850233778,698164.5152457628,395.94
730617.5738237209,698162.4277872961,396.0
730618.8186076332,698168.3258454059,395.94
730618.3556210693,698201.7910771614,396.0
730619.4424837473,698158.2211585059,396.0
730621.2896571738,698152.1318210041,396.0
730617.0214565876,698170.6393018435,396.0
730615.3713115961,698168.2198466269,396.0
730615.4690163245,698169.1056153629,396.0
730617.1165240998,698167.5989092286,396.0
730614.2495197265,698167.4531939834,396.0
730616.4518011414,698166.9011342556,396.0
730622.5708695794,698163.1823002602,395.94
730617.2222892644,698168.5105356288,395.99
730588.4286518964,698190.7478026879,396.0
730620.1559316549,698166.9932459957,395.94
730592.1162079982,698520.3213006498,396.0
730616.3283319977,698171.371401987,396.0
730617.0021790172,698175.1266880563,396.0
730619.0569321888,698171.071187582,395.94
730619.1519002677,698159.7711653062,396.0
730611.1578305537,698171.5512992387,396.0
730618.2241428038,698169.4541607864,395.94
730615.4410492294,698168.7656346204,396.0
730616.8355957195,698167.8098076655,396.0
730627.4145458648,698144.1100841468,395.94
730616.1385989551,698165.995796941,396.0
730619.9490454576,698163.1933298575,395.94
730618.0442160876,698167.9499262038,395.99
730615.7959971505,698166.3394642514,396.0
730620.8192404634,698166.3259193774,395.94
730620.2249433649,698169.3549030088,395.94
730621.1123658338,698165.8940930592,395.94
730620.6299138603,698166.5657578476,395.94
730615.938705952,698174.978865438,396.0
730617.3273316231,698156.1084263131,396.0
730616.4307723546,698170.503498447,396.0
730616.6843061596,698167.8767217634,396.0
730616.2980160078,698180.2914622483,396.0
730609.4954893701,698187.4217135966,395.94
729707.0139294557,702815.7788247435,396.0
730621.3519801649,698165.9588765543,395.93
730616.8907925867,698167.6987744623,396.0
730619.7353400185,698167.1828268907,395.94
730629.8405185849,698150.1802267574,395.94
730620.358580007,698166.6562881257,395.94
730617.275783366,698172.1565699838,395.94
730618.9804867783,698169.4026441389,395.94
730619.1126534144,698161.1206102874,396.0
730615.9911802777,698164.2020373024,396.0
730614.1609490506,698168.2297107885,396.0
730616.1244254097,698168.5221020482,396.0
730610.0570181347,698176.4234043577,396.0
730616.3223951481,698167.4748597855,396.0
730616.6305692091,698166.8126699247,396.0
730617.1199390998,698167.6009125866,396.0
730616.4696736601,698163.6042892952,396.0
730619.1940423944,698168.5621456737,395.94
730617.135852416,698170.2447022995,396.0
730617.4551487105,698168.0367772987,396.0
730616.3827685333,698164.6260468698,396.0
730619.3884127064,698161.0695147988,396.0
730637.8723876834,698154.907417945,395.94
730617.7854043165,698169.2315653701,395.94
730620.5564937547,698166.1531462488,395.93
730624.5654033944,698155.7621765765,395.94
730615.0405670083,698166.939409534,396.0
730615.9851362073,698166.7535805646,396.0
730617.6405041881,698169.6922174105,395.94
730616.9933737159,698167.8572611936,396.0
730618.9644752217,698168.0148373453,395.94
730616.0096953603,698166.9497900654,396.0
730622.0407254889,698147.9764916557,396.0
730616.8833758438,698167.5392228541,396.0
730616.1665194309,698168.2780158715,395.99
730610.2343136552,698175.0101966499,396.0
730615.2109953829,698173.4127144401,395.94
730616.3080744467,698169.0280422122,396.0
730619.3976250926,698168.7189180799,395.94
730618.4897976158,698163.6701743789,396.0
730615.9223629525,698165.5832415138,396.0
730615.9955596742,698166.4865572542,396.0
730620.0872998564,698167.165911616,395.94
730616.9502635064,698167.7556576299,396.0
730617.0350404778,698170.161548681,396.0
730619.1800217954,698161.5887244381,396.0
730621.0058525789,698166.2583835317,395.94
730616.0962516186,698166.405578855,396.0
730616.1330678096,698164.0316274144,396.0
730575.6783299383,698190.3057973405,395.99
730618.0357958322,698173.0403876004,395.94
730615.9278884111,698169.6038270704,396.0
730618.5277279147,698161.7917046053,396.0
730621.8604203882,698149.6285097983,396.0
730615.7628677579,698166.2787115901,396.0
730621.3899038235,698166.0082425596,395.94
730616.4191299368,698162.4879746088,396.0
730619.1694482411,698160.4755385749,396.0
730618.6567634981,698165.1266637665,396.0
730657.8478602945,697989.7188154976,396.0
730616.5775635258,698170.8113263706,396.0
730616.9507630381,698167.6716836675,396.0
730597.6804667867,698185.185762007,395.99
730611.5385430917,698170.2906589053,395.99
730617.072778316,698170.1534993028,396.0
730616.9793749861,698168.0361159857,395.99
730611.8076492144,698185.0324146278,396.0
730616.0659614182,698167.2759389139,396.0
730617.2048168295,698170.6769130989,395.94
730629.3574615304,698155.6021316982,395.94
730618.512965415,698163.8808637937,396.0
730616.9189793282,698170.3242262816,395.94
730618.1662941449,698165.353954802,396.0
730615.5599012919,698168.4891012249,395.99
730616.1255586017,698168.2586407233,396.0
730617.9306407572,698168.0715164954,395.99
730615.9235595919,698163.2814794357,396.0
730619.7740067759,698167.3642758678,395.94
730616.0291684871,698155.769227506,396.0
730631.0440451528,698145.6616250725,395.94
730617.0759950703,698171.0014864632,395.94
730603.3769858857,698207.6385267173,396.0
730615.0237007656,698178.6633168231,396.0
730614.4602539719,698173.2408728506,396.0
730619.178390582,698162.390751546,396.0
730616.4982641694,698166.8333040066,396.0
730618.9500621811,698159.5866263043,396.0
730616.0540730207,698166.6916028378,396.0
730618.9791153116,698169.4612378329,395.94
730637.2402900346,698152.3651133482,395.94
730617.0411134437,698167.5006298716,396.0
730616.0292558122,698166.808372496,396.0
730616.5179841265,698170.6856197172,396.0
730616.1498528565,698165.1233052523,396.0
730608.6143736115,698193.8085312145,396.0
730582.0636987982,698211.5708759782,395.94
730614.9130666552,698166.8267749696,396.0
730619.0210638078,698169.4173737703,395.94
730618.2823550869,698166.7119517821,396.0
730615.7663060132,698166.5123089014,396.0
730620.6210111195,698161.5043106944,396.0
730610.3414952067,698196.8837849261,396.0
730616.0669725342,698165.5428988929,396.0
730622.5560733565,698165.0715401449,395.94
730613.941378845,698172.8909500209,396.0
730620.4042557258,698167.0158085881,395.94
730619.346927847,698168.4594911084,395.94
730659.8725297725,698146.5719681471,395.99
730616.3133079928,698168.1204610872,396.0
730668.8442858597,697939.8956153956,396.0
730623.5369799685,698161.8142038016,395.94
730608.8313406873,698177.784917786,395.94
730614.3588684028,698167.2971330575,396.0
730616.8518122539,698168.4433347277,396.0
730616.5154698935,698169.314901983,396.0
730615.2894746346,698171.6515352072,396.0
730622.6250321497,698163.6612197374,395.99
730614.6786438363,698172.776606891,395.94
730616.8969443138,698167.7199188332,396.0
730616.4125770751,698168.8830184932,396.0
730620.539532924,698166.46278539,395.94
730616.55883867,698167.7201022952,396.0
730619.5886743858,698160.615006475,396.0
730620.2644210366,698165.9631720143,395.93
730623.8823216319,698161.1921259495,395.94
730080.7184699777,698942.9029185593,395.94
730616.1309922013,698165.8951367013,396.0
730616.3552433751,698168.5032430729,396.0
730615.9263622316,698166.5175595745,396.0
730615.6071060697,698172.5758703387,395.94
730617.5149178384,698163.5388561011,396.0
730621.3641164476,698148.0028888049,396.0
730615.9933144079,698169.1038230495,396.0
730615.9974737178,698166.5069428023,396.0
730614.7805654194,698169.387090019,395.99
730620.8990619732,698166.4235092351,395.94
730607.7405734337,698168.9169795512,395.99
730620.1798956435,698151.2806151486,396.0
730625.380493641,698161.8770081095,395.94
730616.7720633536,698170.755827509,396.0
730615.4755068069,698167.3749956596,396.0
730621.3712676864,698165.9351900703,395.94
730615.3088445035,698169.0651800042,396.0
730619.8196186973,698167.4374346923,395.94
730615.8634793586,698166.7474143336,396.0
730617.3743761657,698167.4950424444,396.0
730624.3885098342,698155.9654387636,395.94
730619.375236465,698167.9397696662,395.94
730621.4348821527,698165.9119436765,395.94
730622.220290088,698164.399220545,395.94
730619.7758523333,698167.8404712247,395.94
730618.4057917455,698168.9216345103,395.94
730619.075738336,698162.2523799939,396.0
730617.0220761829,698166.7714582266,396.0
730619.3706028877,698168.3515029454,395.94
730905.9162879639,698104.6542414156,396.0
730616.4661340119,698170.3081684216,396.0
730620.5277275553,698166.8347993334,395.94
730611.5414226031,698192.8309991255,396.0
730616.5993878023,698169.4895799039,396.0
730624.3839223204,698164.5238652709,395.99
730618.1119999309,698169.2850480375,395.94
730616.5286603012,698168.0581892175,396.0
730612.7561702185,698168.3101921575,396.0
730617.8794453377,698165.5321121938,396.0
730616.1175023558,698173.3454865648,395.94
730616.8427386492,698174.3705647798,395.94
730616.2781619675,698165.6210118841,396.0
730620.0273901043,698167.2474011567,395.94
730618.3896102285,698168.5528449515,395.94
730623.7529820714,698163.80950807,395.94
730619.4578537107,698167.9939034911,395.94
730595.9227614629,698184.5624851155,396.0
730615.6549866564,698168.4501568585,396.0
730616.694542135,698167.6014154003,396.0
730617.0514573058,698166.6541417093,396.0
730614.3769996817,698167.6731347616,396.0
730618.549166657,698163.8014820728,396.0
730621.7370219262,698165.4558801545,395.93
730617.0933989733,698169.7864022865,396.0
730618.4946014215,698163.5268412313,396.0
730611.4598372444,698196.845645909,396.0
730617.4070994102,698167.4685042552,396.0
730623.1520663425,698160.2370809208,395.94
730618.695655392,698161.0891141391,396.0
730621.2972219847,698166.133098482,395.94
730611.2629761698,698193.0303512634,395.94
730619.3014216443,698172.3788248525,395.94
730616.9324437891,698169.9727041421,396.0
730613.9865268442,698169.3957110533,396.0
730616.9532650633,698178.0759719926,395.94
730620.0378231867,698166.4975489408,395.94
730613.5221123162,698180.323860282,395.94
730626.3381780613,698156.8776718831,396.0
730617.8321904802,698157.6494628559,396.0
730610.3430447117,698173.6697303746,396.0
730614.8022573924,698169.1500321104,396.0
730616.091994531,698164.3691985017,396.0
730616.8713026716,698167.6058966317,396.0
730616.6895392811,698168.582987269,396.0
730616.2630857308,698165.6987014314,396.0
730615.1684410088,698166.9664954046,396.0
730628.4272610944,698161.9275512098,395.99
730616.2454782954,698165.8476260529,396.0
730616.0451701056,698167.1859797881,396.0
730617.9040611854,698159.0550531219,396.0
730618.1691864695,698163.6703590082,396.0
730628.090759354,698149.5160096369,395.94
730615.7133117791,698176.4382034099,396.0
730622.9363346641,698164.8950958828,395.94
730620.3752001689,698152.399663158,396.0
730615.9058745729,698166.4985934873,396.0
730625.0904483751,698156.7785393993,395.94
730616.1337072458,698165.3727539043,396.0
730620.6697382696,698161.2684701743,396.0
730620.8144050901,698165.9882933027,395.94
730615.617427242,698167.5695868297,396.0
730610.4859138044,698195.0562124642,396.0
730615.8835547552,698169.2902798121,396.0
730589.8240873928,698215.2224927692,396.0
730616.0109558624,698166.2541874211,396.0
730614.5900648546,698175.1369912063,396.0
730620.8010075848,698166.4504470864,395.94
730627.9083164507,698162.6410400079,395.93
730615.1282332914,698181.4113923374,395.94
730619.5972151435,698165.3535791885,396.0
730616.1486016277,698165.5598699662,396.0
730610.8451443468,698181.0265072767,395.94
730639.7221748414,698146.5017423251,395.99
730617.8302548594,698166.7802154771,396.0
730625.5967118542,698128.9209278403,396.0
730616.2877669379,698168.1726029961,396.0
730616.4240137882,698169.6437757568,396.0
730615.5874322449,698179.9270538888,395.94
730616.0391589125,698169.5261516334,396.0
730616.4716933158,698162.9568583444,396.0
730586.5553187538,698182.5393668816,395.94
730615.9839720896,698168.1161493956,396.0
730616.0666955078,698171.0029499658,395.94
730618.7978773207,698160.3358105113,396.0
730616.9481320741,698167.6552567733,396.0
730622.97960009,698158.2877930347,395.94
730616.0460645463,698168.7903715697,396.0
730619.7279555541,698162.9707621455,396.0
730616.7400187574,698168.0783969897,396.0
730613.024538359,698167.4495871679,396.0
730627.1967093112,698161.1809076975,396.0
730618.4903432387,698163.8533634292,396.0
730616.4332769061,698171.4353829641,396.0
730617.3331992883,698167.6678212711,396.0
730608.833058956,698171.3215963942,395.99
730617.3809749665,698167.542811177,396.0
730616.7969547112,698167.254450382,396.0
730616.5329957837,698167.8136577826,396.0
730616.4133967767,698164.3228535012,396.0
730615.1997293556,698170.1446892071,395.99
730616.2935187464,698168.0611782932,396.0
730646.2320641732,698120.8731294716,395.94
730617.0857990882,698167.0327451422,396.0
730619.7145480729,698167.3086674616,395.94
730626.2689786322,698163.5835232777,395.94
730618.7357094919,698168.3409948437,395.94
730617.3243596182,698167.3963582787,396.0
730616.1157568168,698166.5943324869,396.0
730598.6504375655,698198.4463323987,395.94
730615.379724052,698165.6955238297,396.0
730617.9685147945,698162.9516630586,396.0
730620.2944945997,698166.8234668383,395.94
730618.0624610983,698167.876561395,395.99
730617.3892899625,698168.3654852918,395.99
730624.1975751471,698190.8830554289,396.0
730618.2811774084,698168.4481234445,395.94
730620.7763669447,698166.486030286,395.94
730616.9947077307,698167.5671457826,396.0
730614.5895908871,698166.8842508119,396.0
730615.2576180551,698168.1453361256,396.0
730618.5960362146,698162.8522921085,396.0
730616.1200769244,698164.4054434582,396.0
730613.9721208522,698168.8534269715,396.0
730614.8738604261,698168.8695611219,396.0
730620.4817654648,698152.4153093374,396.0
730618.9235858707,698160.563096075,396.0
730625.5404584442,698158.123183213,396.0
730612.6079592264,698172.336507561,396.0
730620.4561252393,698167.2098339121,395.94
730620.087028583,698167.028357656,395.94
730653.9721027539,698013.1023607153,396.0
730632.2925984048,698159.5208176938,395.99
730612.4842786097,698171.215829169,396.0
730619.9670880513,698154.4163302962,396.0
730631.6819555853,698088.1549746644,396.0
730620.7475014945,698167.8234721135,395.94
730616.7099466228,698168.1549200071,396.0
730616.3061148095,698171.9464144957,396.0
730616.5989024764,698167.6227140672,396.0
730620.609586979,698166.0160690671,395.94
730608.5576925143,698174.5816538119,395.94
730623.8083561887,698164.2310315554,395.99
730617.0167456067,698159.0928219623,396.0
730633.4441767137,698151.6500883573,395.94
730617.7899985571,698169.2469908969,395.94
730616.9618021206,698167.5422626886,396.0
730608.8177972367,698172.3839284775,396.0
730621.2999156887,698165.9531513236,395.94
730615.9714894352,698169.1990657436,396.0
730621.1942041746,698166.1319928637,395.94
730622.5174313636,698161.8286473159,395.94
730636.9174431687,698136.0684973404,395.94
730616.0311863873,698166.5332949556,396.0
730590.4643865767,698266.2376345152,396.0
730618.804211419,698163.7476972719,396.0
730616.1817344074,698166.943086801,396.0
730615.9324915715,698166.4880041642,396.0
730620.2737622701,698162.6096052339,396.0
730538.9916890266,698250.4519117718,395.94
730620.6338513428,698166.6195633402,395.94
730616.4271935074,698171.0993589135,395.94
730615.8947277531,698149.7551088483,396.0
730615.9992888451,698167.0170408627,396.0
730615.8110018255,698172.2175538036,396.0
730616.6350153688,698167.7096084658,396.0
730617.2552850305,698167.6884913268,396.0
730625.004545673,698163.7554871761,395.94
730618.2990896526,698163.4615714079,396.0
730613.8415767893,698174.0872870781,395.94
730611.1234222862,698173.4208998996,396.0
730614.2403197973,698170.58517906,396.0
730616.2181029529,698168.2632051324,396.0
730619.2648566747,698165.6894713294,396.0
728448.2012700568,700070.7532056517,396.0
730619.4762272156,698165.5112155726,396.0
730611.4433723825,698171.1469837165,395.99
730616.2869236033,698165.2815713877,396.0
730618.1898385945,698164.7390503943,396.0
730616.4191922306,698161.4013397809,396.0
730616.4498010413,698168.1894876788,396.0
730588.592629995,698177.3531159,395.99
730620.4202299825,698162.074153202,396.0
730616.9970170759,698171.0877137788,395.94
730615.5979500979,698168.0886837675,396.0
730615.949803666,698168.5811005023,396.0
730616.1689187485,698165.2781095932,396.0
730620.1634625518,698152.5570532818,396.0
730615.8956104215,698168.0751396735,396.0
730615.905847128,698168.3518812597,396.0
730626.0510233263,698159.1709273427,395.94
730626.5918042692,698143.3305914894,396.0
730620.5773309525,698165.8886794391,395.94
730619.6781123201,698168.0536826993,395.94
730618.7583662467,698162.3828299826,396.0
730622.1863561871,698164.1250236476,395.99
730616.8373189872,698126.8058437286,396.0
730635.7476056437,698092.1052215338,396.0
730617.4621442524,698162.4600975472,396.0
730615.4027702941,698169.4294158127,396.0
730619.4336466308,698168.766923861,395.94
730616.1842537953,698166.0492892391,396.0
730616.6263627487,698167.9381877697,396.0
730629.2130110662,698155.9187689127,395.94
730616.0280268305,698166.5564917811,396.0
730631.984057375,698154.4165202439,395.94
730645.3360668262,698134.1133001376,395.94
730616.1587333903,698166.2548951614,396.0
730617.0485143319,698167.5180428085,396.0
730619.3625357596,698165.6475012397,396.0
730616.9676528526,698167.0012190935,396.0
730613.8240131104,698181.8379187526,396.0
730618.3789443304,698164.4231134999,396.0
730617.3168370635,698170.3450969789,395.94
730615.6338820953,698172.3948187559,395.94
730620.7797290902,698164.4791636708,396.0
730616.5922240332,698170.7113538977,396.0
730615.5363277418,698172.7489708517,395.94
730617.9363263535,698164.4460883411,396.0
730615.8232314672,698166.5493838688,396.0
730619.4992049008,698167.4213505307,395.94
730616.7267169784,698167.7189063345,396.0
730616.1586119215,698167.9005512587,396.0
730624.36591907,698162.1433004331,395.94
730625.2726490641,698132.3958126123,396.0
730615.1674541034,698168.3716743186,396.0
730616.0072306343,698166.7013343642,396.0
730623.1364345743,698163.3096013282,395.94
730613.9745462122,698167.0646824106,396.0
730616.950197381,698167.8746143125,396.0
730618.3267039628,698168.322105663,395.94
730620.8071422945,698166.4527608965,395.94
730624.802779341,698160.8151537203,395.94
730618.084278546,698162.0861609459,396.0
730627.4453187347,698163.2213883876,395.94
730613.726748217,698169.6258117624,396.0
730615.7502678514,698166.3697924428,396.0
730623.1009746888,698163.4367147287,395.94
730617.3730793353,698169.8318661832,395.94
730612.3092123219,698184.1465548354,395.94
730614.8076477658,698169.8086832893,396.0
730617.1670770758,698169.1012500362,395.99
730620.9192493823,698165.8150047902,395.94
730608.2356321164,698174.795684753,396.0
730615.8309799125,698166.4057323129,396.0
730620.8778012582,698165.8980943275,395.94
730617.2726999153,698167.6108044327,396.0
730616.5101564724,698168.491526362,396.0
730615.9125599166,698166.6898045623,396.0
730613.5603950429,698170.7895306532,396.0
730620.8366026754,698165.9066298268,395.94
730616.1885851476,698168.3044094008,396.0
730631.3083946095,698152.1533364215,395.94
730619.1136419817,698162.5966287588,396.0
730614.2512580092,698170.1962636962,395.99
730627.4740764273,698143.7895403232,395.94
730615.9325192706,698168.491433164,396.0
730618.210575423,698167.192870569,395.99
730618.7223583471,698160.6615428943,396.0
730615.5496740602,698153.1980293153,396.0
730617.0145497664,698167.80252934,396.0
730618.8171193748,698161.6935305146,396.0
730618.306060406,698160.8399456067,396.0
730627.9015540853,698130.4774528588,395.94
730613.8480590194,698170.0836475308,395.99
730623.9688626919,698164.343825616,395.94
730616.7053988067,698167.2952887751,396.0
730618.9510016601,698167.852933293,395.94
730616.7154500858,698167.6268188226,396.0
730610.7801900986,698179.9378885487,395.94
730615.9052031073,698167.5254111132,396.0
730623.8569843405,698190.8335311493,396.0
730620.7044246458,698166.1698437869,395.94
730630.9205135981,698161.0620871217,395.99
730630.2329808911,698155.7191354104,396.0
730611.2233077998,698173.5829195426,396.0
730615.2677681055,698172.3440903478,395.94
730611.0678240459,698171.611787962,396.0
730617.4073165675,698167.6477664652,396.0
730615.8232016268,698172.6829414263,395.94
730620.8987706287,698166.7166811437,395.94
730622.9631317462,698164.813147672,395.94
730617.013333786,698168.0609525682,396.0
730615.9319386629,698166.8047271896,396.0
730626.8735761022,698158.5847506847,395.94
730610.7308623581,698168.4194081692,396.0
730577.9061084626,698207.2251796876,395.99
730616.6445040368,698167.9489448228,396.0
730615.7723344512,698163.892321739,396.0
730609.8694301298,698202.2157569464,396.0
730619.767977881,698167.392630921,395.94
730617.2913792769,698167.2082957183,396.0
730616.7475036846,698167.7589116907,396.0
730620.7433554422,698165.4658057075,396.0
730624.5962744552,698159.5785026557,395.94
730650.7760405443,698000.5238285918,396.0
730616.3631314783,698167.1332533216,396.0
730620.6020063184,698153.6263358174,396.0
730620.3381084187,698166.7874611786,395.94
730620.6901075059,698165.7517937046,395.94
730620.9482928285,698166.2928394205,395.94
730616.5076532472,698171.7922378528,396.0
730617.7715293295,698167.2954220697,396.0
730620.661691677,698160.6459208005,396.0
730620.6870928816,698165.2430551202,395.94
730592.4669517999,698208.8452091443,395.94
730520.1853861129,698290.8640139108,395.94
730615.9980945898,698166.4917680278,396.0
730615.821502965,698166.5647827606,396.0
730620.7361040354,698166.1388572394,395.94
730607.5707800625,698180.6455976065,395.94
730619.1287033125,698159.4946287725,396.0
730627.0184141,698155.0949973124,395.94
730616.1989374692,698172.7759188464,395.94
730611.9652862299,698174.5810930203,395.94
730589.9963042439,698182.4018329046,395.99
730617.2227477791,698174.0585400934,395.94
730607.3937426219,698169.860291577,395.99
730616.4554530305,698164.254409891,396.0
730624.0140833461,698160.2478661514,395.94
730603.6993416575,698174.6098764967,395.99
730619.2651533204,698161.5338896472,396.0
730614.9326925718,698167.6710973922,395.99
730610.6829942056,698176.27284824,395.94
730615.8243623661,698167.0515588123,396.0
730615.6227826884,698175.2082303178,396.0
730627.0112201053,698144.4728344636,396.0
730614.9418016033,698169.350240002,396.0
730617.9715923929,698164.405905527,396.0
730615.9708657423,698166.5138923574,396.0
730620.4343170429,698241.3828395548,396.0
730616.0270826464,698166.7051825715,396.0
730616.4737704551,698170.6177066327,395.94
730615.2323382961,698178.3703340197,396.0
730619.846313652,698166.4999765396,395.94
730618.0564287732,698167.4816381776,395.99
730620.2107676578,698166.1041509783,395.93
730618.5351275573,698165.1080293438,396.0
730615.8109715953,698168.7160644886,396.0
730619.2312747294,698171.7491087822,395.94
730619.7074656937,698168.4440272918,395.94
730615.6237722713,698168.8920775563,396.0
730616.6199862851,698167.285804854,396.0
730621.1060312237,698165.8098583438,395.94
730616.1072107785,698165.3116319379,396.0
730616.7020519065,698168.3359640206,396.0
730615.9306300203,698168.4044899637,396.0
730616.0115455964,698166.2535580733,396.0
730619.4026867787,698185.3689569485,396.0
730616.729681451,698168.2309169536,396.0
730619.3809889678,698158.0434440206,396.0
730617.096340326,698169.1060928907,395.99
730572.1551366292,698259.0302958287,396.0
730570.9340553624,698209.2262385084,396.0
730617.2383894654,698168.6886027569,395.94
730615.7073377763,698168.770275368,396.0
730683.3994966086,698143.6194198997,395.99
730615.3875785057,698168.5315665773,395.99
730624.7354332496,698158.7367056491,395.94
730628.503636769,698140.109253945,396.0
730616.9346290624,698168.0267047207,396.0
730696.9760460515,697898.5802364474,395.94
730619.3572228359,698158.3655559953,396.0
730631.9606704091,698160.5595097799,395.99
730616.3148102554,698169.8531931209,396.0
730618.4198375413,698168.1704609618,395.99
730627.5057334742,698162.3381541916,395.94
730614.7827685189,698170.170223359,396.0
730618.8570932818,698164.2306947443,396.0
730618.5661739641,698165.454671508,396.0
730616.2085433368,698168.4344897544,396.0
730599.5787255331,698178.8402068822,395.99
730626.1580091042,698163.4689172767,395.99
730614.6092454497,698168.9981065667,395.99
730616.0031606146,698166.7105371208,396.0
730615.3066474391,698173.8491333699,395.94
730617.889299523,698166.686667884,396.0
730622.2788587352,698162.2775590213,395.94
730623.382528122,698161.6251914204,395.94
730615.5644550263,698175.4258314876,396.0
730621.0640298097,698165.8095640723,395.94
730617.7953189206,698168.6432214278,395.99
730612.7374318204,698174.8219426952,396.0
730618.8464220843,698168.0729182662,395.94
730614.5787197152,698172.2115372256,395.94
730614.8207537768,698170.39150559,396.0
730617.5209412135,698170.5467439217,395.94
730614.6531778371,698177.1738381267,396.0
730615.6877245237,698168.5349558522,396.0
730616.907680244,698167.849391817,396.0
730619.0693943552,698162.4108931969,396.0
730619.6839684154,698166.5208068892,395.94
730618.1671123544,698167.3240155986,395.99
730618.7316828084,698169.2311895951,395.94
730619.1834084911,698167.6375243822,395.94
730634.7637429145,698159.8684471735,396.0
730615.6059981891,698163.3360865064,396.0
730618.6910587461,698168.8220498244,395.94
730642.8485933115,698045.5630323301,396.0
730619.2579551599,698157.4356246147,396.0
730616.0181491504,698170.3256191338,396.0
730616.9502578467,698167.0071318208,396.0
730619.9478037324,698166.704931841,395.94
730621.0944195465,698145.6066656933,396.0
730615.8898258914,698166.2312714894,396.0
730621.2855541907,698166.025984703,395.94
730616.3686891579,698168.3033575704,396.0
730615.3500121845,698173.0117071418,395.94
730617.1728974018,698167.5554040584,396.0
730615.6536727628,698168.4992496759,396.0
730723.680617916,698033.1962245627,395.94
730620.9353321881,698166.3632381551,395.94
730592.0348157897,698240.1457455008,396.0
730616.137858424,698164.6418971877,396.0
730616.0030543047,698164.0672811227,396.0
730551.0626631912,698375.6407406798,396.0
730618.0871466334,698170.5971339484,395.94
730603.4695305796,698243.4500768527,396.0
730617.8134844903,698166.6485418268,395.99
730617.2684339249,698167.646612771,396.0
730614.1345217231,698177.7960110683,395.94
730616.7085982657,698168.0172447959,396.0
730608.2469043965,698169.5982023855,395.99
730652.162626476,698089.0061969403,395.94
730619.877787084,698167.0638571257,395.94
730617.5076698029,698170.6418979231,395.94
730611.924383927,698170.0237053981,395.99
730622.5061775077,698164.3495732903,395.94
730687.0650224495,698063.6702359841,395.94
730616.227319515,698169.8952823381,396.0
730620.6664324837,698166.6267413506,395.94
730615.9339138488,698166.7260219812,396.0
730632.7344757251,698149.6399748813,395.94
730620.8019317548,698165.9248667905,395.94
730627.1020492024,698163.0573513398,395.99
730616.6513253137,698167.8835624323,396.0
730625.2924947522,698164.2580463027,395.99
730617.1860576269,698167.1351296364,396.0
730615.8334414813,698166.1735457244,396.0
730619.497140474,698167.6496118297,395.94
730617.3650132127,698166.5777708464,395.99
730616.6481265272,698167.7953386311,396.0
730616.5636364843,698167.0042481964,396.0
730616.093252871,698169.1101484061,395.99
730583.2864152694,698179.6469863998,395.99
730621.0076945242,698165.452733302,395.94
730622.79375568,698164.1223836081,395.94
730611.2089242752,698175.7493099131,395.94
775290.3346935684,698524.4470839215,337.24
775325.7905793267,698517.3558352689,338.11
775469.84000207,698516.9093642889,335.89
775527.3913110055,698522.5534370275,335.99
774831.1783434554,698205.1659041865,335.82
730880.5668473942,697941.1821686785,428.82
731308.944350574,697689.7447181356,427.59000000000003
731743.564476831,697435.662246229,425.32
732256.7431011436,697130.5259982406,410.34000000000003
732601.3175061881,696928.1011262377,414.68
733093.8784313728,696639.114237695,424.88
733619.6764331886,696329.2150506513,423.40000000000003
734110.6349744813,696040.2682538031,431.84000000000003
759748.3334777072,696070.2867459304,328.67
760442.6620899276,696085.663298167,342.57
760743.6854674593,696095.2989164185,344.48
761246.6618285243,696110.496262813,373.95
761311.7155555555,696078.0228282828,355.57
771936.371849192,696394.8416840215,315.19
771328.0529533117,696024.1434784329,339.44
773559.9579705764,697388.0743510678,314.94
773035.7315219489,697066.4506277024,316.25
772504.8070132119,696741.6089309821,315.5
774194.4235432255,697775.2916209481,335.69
736100.718661411,694983.839747571,433.32
736572.0485616919,694731.129934195,399.6
737154.2498657416,694418.098773148,407.62
737592.4166076779,694186.4251851852,413.0
757536.2252270239,694720.7119245544,350.2
757064.7862121214,694435.8373114121,359.85
756681.699178982,694199.5795238094,363.84000000000003
759281.4645520857,695781.7542770304,324.04
758787.3207505995,695482.9522038369,330.47
758352.91797558,695219.1547496949,350.59000000000003
758101.1955001485,695067.7930780648,356.11
761300.4446758489,695903.6311630495,365.74
761289.1226430566,695913.5464404001,366.33
761283.4569951275,695816.5862612089,378.54
761270.6291488676,695170.7833827208,403.15000000000003
761256.7191853946,694382.4158077423,384.76
769962.9378192608,695181.7981562319,375.64
769956.3931050192,695194.739526774,375.72
769471.6954215996,694892.8653821192,355.82
768847.2671800994,694508.5769114428,349.24
768143.2037057667,694079.3021772011,349.44
770767.9406841763,695682.6258593705,354.18
770380.105651933,695436.2612890861,377.92
770371.9231559673,695449.1719508285,377.81
738077.3973311547,693926.5409694994,403.68
738743.5152504442,693574.0800259329,427.98
739030.9187457114,693421.9628886727,431.82
739523.0997244763,693137.6879420899,425.27
740127.47955572,692784.0821060379,452.77
740647.66949048,692483.8749436847,443.74
741250.4365135707,692138.4216075174,452.02
753598.4943984757,692330.7066630377,460.15000000000003
755574.80750332,693528.90249668,389.78000000000003
755151.9944350971,693270.4768952079,403.1
754806.6443624152,693063.4937024611,402.41
754212.0552384863,692703.8601608158,437.38
756129.1086016678,693867.2417639514,352.45
761248.1173116532,693605.5719783198,389.12
761243.0212247755,692961.3014816893,366.65000000000003
761234.9223431103,692254.1177995771,372.41
765791.2968116401,692642.6513396824,406.48
765333.9465428593,692364.0257747811,412.41
764798.9454391216,692038.7173004003,382.48
767491.0909416204,693683.3008851211,357.38
766673.609914671,693179.7151417562,370.08
766288.9574829795,692931.3089796319,387.02
741725.5071462829,691861.4022694567,460.31
742287.8414483014,691537.2221799177,462.34000000000003
742697.4653338259,691296.4811357482,469.53000000000003
743238.5569551778,690984.3572024729,443.65000000000003
743672.9929703763,690734.8209020551,425.62
744117.4667939742,690477.1741038468,435.08
744742.2956241417,690089.1742469122,394.58
751867.0540084376,691286.6221940645,437.33
751271.8028631498,690917.25241572,437.57
750797.9188267095,690630.386352997,433.72
750198.3162821534,690266.8396128346,420.17
752888.9971926427,691899.8064004519,439.8
752295.2387190806,691539.6836717818,442.21000000000004
761220.1791005572,691656.8443386212,401.58
761215.3964926265,690977.555928498,397.40000000000003
761230.4506322822,690977.4026337663,397.65000000000003
761999.890397132,690928.806738278,387.32
761628.8614767856,690737.6152940101,388.15000000000003
761231.9240596177,690534.4911088089,392.64
761232.1208947023,690534.5538088403,392.64
761206.4813691395,690491.1292064972,392.2
761232.053617098,690534.5549107334,392.64
763664.1723682604,691344.4133103552,420.55
763245.3570611606,691288.130589376,431.78000000000003
762842.1655508517,691233.8564169209,419.53000000000003
762451.9130972485,691181.72162626,408.98
764113.0794358919,691621.5186923089,396.22
745333.0483333331,689718.2831372569,383.36
745755.9172600255,689456.0274287788,378.18
746308.1424002723,689114.5392729747,405.88
746816.8828735632,688797.2541379308,434.14
747687.7041950723,688703.1642416946,430.98
747329.7690208387,688475.088639304,450.93
749673.9181589957,689947.2814579264,429.86
749210.2595686825,689665.1303891235,432.54
748567.2808869901,689260.2587203744,411.01
